5.494486237711e-01 -9.122438361274e-02 2.960976769803e+00
-8.408872552940e-01 3.023622486012e-01 -1.499776244334e+00
-8.559242369689e-01 2.678933391597e-01 -1.707134386223e+00
-8.161594959137e-01 2.107032692963e-01 -1.743751651038e+00
-7.769039058868e-01 1.482543605155e-01 -1.769582381946e+00
-7.406982301676e-01 8.163978425686e-02 -1.790700165280e+00
-7.078603074346e-01 1.116068414021e-02 -1.807171844624e+00
-6.785615662822e-01 -6.305847148218e-02 -1.818845793965e+00
-6.528732333490e-01 -1.412664728117e-01 -1.825559241851e+00
-6.306358928969e-01 -2.249114623685e-01 -1.827075484531e+00
-5.701658725704e-01 -2.990977162638e-01 -1.701013584090e+00
-6.018796734493e-02 -4.663291528679e-02 -1.849065290507e-01
-3.803112023062e-03 -1.287487876549e-02 -1.502587237139e-02
1.156024497851e-03 -1.938910732460e-03 2.602029173901e-03
1.185301137089e-04 5.764971818998e-04 5.275615151337e-04
-4.751494389535e-05 8.273300228411e-05 -1.059122178783e-04
-4.887998795125e-06 -2.352629349274e-05 -2.167185235370e-05
1.949478190585e-06 -3.410894598317e-06 4.339930249628e-06
2.020144010199e-07 9.633529952595e-07 8.926567704290e-07
-7.990397818443e-08 1.406578973081e-07 -1.775949121262e-07
-8.346176580260e-09 -3.945676033411e-08 -3.676420877282e-08
3.274891282606e-09 -5.800517604884e-09 7.266810022177e-09
3.447983224818e-10 1.616043682344e-09 1.514098883244e-09
-1.342206802685e-10 2.391975768123e-10 -2.973358996221e-10
-1.424364465621e-11 -6.618776883586e-11 -6.235543297718e-11
5.500930672030e-12 -9.863559580114e-12 1.216582149000e-11
5.883772690853e-13 2.710786672058e-12 2.567943859119e-12
-2.254483513720e-13 4.067218934804e-13 -4.977668885370e-13
-2.430354740445e-14 -1.110211870069e-13 -1.057518493217e-13
9.239577052270e-15 -1.677059710374e-14 2.036577657586e-14
1.003835924157e-15 4.546835911148e-15 4.354935138586e-15
-3.786615728831e-16 6.914912818535e-16 -8.332326651268e-16
-4.146057593060e-17 -1.862110942926e-16 -1.793356946905e-16
1.551831174825e-17 -2.851098432806e-17 3.408959754393e-17
1.712330943502e-18 7.625962126612e-18 7.384875341628e-18
-6.359629039245e-19 1.175506788304e-18 -1.394657825786e-18
-7.071639237739e-20 -3.123032626777e-19 -3.040962265915e-19
2.606232452096e-20 -4.846470864374e-20 5.705629948029e-20
2.920335462920e-21 1.278942879949e-20 1.252190424658e-20
-1.068042523699e-21 1.998083857753e-21 -2.334154524540e-21
-1.205940476946e-22 -5.237433107050e-22 -5.156099166853e-22
4.376812585361e-23 -8.237388711603e-23 9.548729828101e-23
4.979660258511e-24 2.144759038974e-23 2.123067150395e-23
-1.793582447998e-24 3.395887197209e-24 -3.906173557711e-24
-2.056148554136e-25 -8.782763015652e-25 -8.741738998094e-25
7.349853902156e-26 -1.399925415427e-25 1.597891630970e-25
8.489662304870e-27 3.596469854464e-26 3.599346238094e-26
-3.011826927312e-27 5.770913796605e-27 -6.536313761842e-27
-3.505158881069e-28 -1.472699871520e-27 -1.481975925914e-27
1.234170720325e-28 -2.378879370443e-28 2.673672255977e-28
1.447126768700e-29 6.030378886896e-29 6.101694412328e-29
-5.057249324707e-30 9.805923341291e-30 -1.093636713862e-29
-5.974302764770e-31 -2.469263504056e-30 -2.512184816851e-30
2.072274902557e-31 -4.041968297900e-31 4.473295112499e-31
2.466322489755e-32 1.011073490015e-31 1.034295404316e-31
-8.491300729998e-33 1.666041215761e-32 -1.829664659782e-32
-1.018109948926e-33 -4.139905403766e-33 -4.258234016776e-33
3.479324269813e-34 -6.867000840121e-34 7.483501511782e-34
4.202636978657e-35 1.695081093239e-34 1.753098919422e-34
-1.425638437813e-35 2.830329982833e-35 -3.060747645051e-35
-1.734729016869e-36 -6.940373921268e-36 -7.217309528509e-36
5.841409698917e-37 -1.166529551607e-36 1.251812946958e-36
7.160183719163e-38 2.841630101938e-37 2.971230175903e-37
-2.393424298447e-38 4.807764742840e-38 -5.119652852107e-38
-2.955286775427e-39 -1.163441268057e-38 -1.223177161549e-38
9.806532153208e-40 -1.981433714179e-39 2.093778161052e-39
1.219714587978e-40 4.763361984608e-40 5.035406939554e-40
-4.017953674199e-41 8.165914922738e-41 -8.562681897170e-41
-5.033848107577e-42 -1.950180760402e-41 -2.072869548309e-41
1.646220767829e-42 -3.365264472868e-42 3.501691343622e-42
2.077425564912e-43 7.984142230716e-43 8.532997106256e-43
-6.744734897326e-44 1.386828254042e-43 -1.431972691532e-43
-8.573032782907e-45 -3.268690001970e-44 -3.512557937634e-44
2.763346364363e-45 -5.714988673950e-45 5.855720541689e-45
3.537751418490e-46 1.338169824519e-45 1.445898166846e-45
-1.132138002570e-46 2.355034972197e-46 -2.394498629732e-46
-1.459836189285e-47 -5.478235694612e-47 -5.951744391304e-47
4.638280322869e-48 -9.704400713547e-48 9.791233262377e-48
6.023724251493e-49 2.242653260996e-48 2.449871071828e-48
-1.900238744083e-49 3.998798621894e-49 -4.003581404930e-49
-2.485480418335e-50 -9.180692527345e-50 -1.008404143858e-49
7.784896991436e-51 -1.647706581672e-50 1.636998564996e-50
1.025510407242e-51 3.758206145790e-51 4.150672686216e-51
-3.189268404476e-52 6.789219122944e-52 -6.693237081696e-52
-4.231110973909e-53 -1.538429334806e-52 -1.708420857607e-52
1.306540092806e-53 -2.797367064736e-53 2.736606138857e-53
1.745635359394e-54 6.297472170899e-54 7.031756020520e-54
-5.352391283174e-55 1.152574071936e-54 -1.118861851831e-54
-7.201742088235e-56 -2.577784831064e-55 -2.894178489814e-55
2.192635206049e-56 -4.748736413015e-56 4.574341868693e-56
2.971027452634e-57 1.055160983218e-56 1.191185657901e-56
-8.982108516639e-58 1.956487984426e-57 -1.870116464385e-57
-1.225634498374e-58 -4.318991883347e-58 -4.902597777359e-58
3.679455625389e-59 -8.060579772172e-59 7.645334106269e-59
5.055925224702e-60 1.767818219961e-59 2.017742644484e-59
-1.507239162884e-60 3.320820645686e-60 -3.125445727115e-60
-2.085574947479e-61 -7.235762880705e-61 -8.304204173894e-61
6.174105824822e-62 -1.368090019963e-61 1.277659201496e-61
8.602735919864e-63 2.961573386842e-62 3.417614213221e-62
-2.529060608015e-63 5.636040589890e-63 -5.222826008928e-63
-3.548404718250e-64 -1.212138012307e-63 -1.406503651965e-63
