1.766781034763e-02
6.205682726566e-03
7.515052065443e-03
7.575707802821e-03
7.584346117808e-03
7.591276719877e-03
7.598635361001e-03
7.606756597139e-03
7.616160746168e-03
7.628167028246e-03
6.660805235550e-03
8.048369915113e-05
8.628737830624e-07
2.736602328840e-08
1.364996257067e-09
4.709579278582e-11
2.285960278356e-12
7.947949509652e-14
3.852231797437e-15
1.339514264097e-16
6.493061566098e-18
2.257504556375e-19
1.094424808797e-20
3.804623856122e-22
1.844679229374e-23
6.412043978131e-25
3.109240944671e-26
1.080644667812e-27
5.240666138486e-29
1.821255997794e-30
8.833182492255e-32
3.069451206480e-33
1.488834781935e-34
5.173115000478e-36
2.509426052106e-37
8.718568684256e-39
4.229615521643e-40
1.469399594096e-41
7.128956618906e-43
2.476488415940e-44
1.201571570774e-45
4.173826095521e-47
2.025218602781e-48
7.034513440085e-50
3.413443843741e-51
1.185592498159e-52
5.753236240717e-54
1.998197849754e-55
9.696840292999e-57
3.367776003631e-58
1.634356777246e-59
5.676093954171e-61
2.754622456410e-62
9.566600093443e-64
4.642756309016e-65
1.612379734799e-66
7.825070945689e-68
2.717557296795e-69
1.318861736249e-70
4.580277121731e-72
2.222843272779e-73
7.719807440749e-75
3.746424689887e-76
1.301136461284e-77
6.314278904356e-79
2.193011419898e-80
1.064214336165e-81
3.696243770737e-83
1.793630744130e-84
6.229913028969e-86
3.022982021484e-87
1.050038027277e-88
5.094911915269e-90
1.769822596096e-91
8.586899634570e-93
2.983019606465e-94
1.447220431444e-95
5.027871194541e-97
2.439111059650e-98
8.474495257857e-100
4.110806723122e-101
1.428384734291e-102
6.928211447593e-104
2.407566099136e-105
1.167653009367e-106
4.058007990644e-108
1.967909246181e-109
6.839891839796e-111
3.316613959494e-112
1.152888287542e-113
5.589634076795e-115
1.943241940385e-116
9.420423511667e-118
3.275428901490e-119
1.587654777324e-120
5.520915886126e-122
2.675717870751e-123
9.305843285561e-125
4.509445709683e-126
1.568563074882e-127
7.599842742744e-129
