0.000000e+00 0.000000e+00 0.000000e+00
1.566401e-10 4.813759e-09 3.157590e-09
2.618495e-09 7.887762e-09 9.277068e-09
1.319049e-08 2.143048e-09 -6.529664e-09
5.061249e-09 6.335491e-09 5.433711e-09
6.306697e-09 4.170605e-09 3.434512e-09
-9.285812e-11 2.964990e-10 -7.818782e-10
-4.631283e-10 9.963255e-09 -2.683804e-09
1.168370e-09 1.462876e-08 3.400525e-09
1.123795e-08 1.423195e-08 -2.304159e-09
-8.403057e-09 1.991781e-08 1.242740e-09
-8.349739e-09 1.864242e-08 -4.177942e-09
1.527362e-08 1.954932e-08 -1.239432e-09
-1.049389e-08 2.619445e-08 -3.106815e-10
-1.334597e-08 2.871469e-08 -9.370304e-09
1.775086e-08 2.671545e-08 3.298595e-09
-3.673015e-09 2.683538e-08 -1.267491e-08
1.984392e-09 3.302262e-08 -7.778300e-09
1.271928e-08 3.647160e-08 1.132221e-10
-9.839882e-09 3.510903e-08 -1.381074e-08
-6.672268e-09 3.162952e-08 -1.226578e-08
7.829529e-09 3.931888e-08 1.121643e-09
-9.333485e-09 3.752026e-08 -1.959170e-08
-1.654384e-10 3.334744e-08 -2.924693e-08
-1.327651e-09 5.120068e-08 4.863184e-10
-3.865357e-09 4.299458e-08 -3.214105e-08
-1.102848e-08 4.724587e-08 -2.699963e-08
1.549917e-08 4.971596e-08 -4.777417e-09
-9.757983e-09 5.446216e-08 -1.434420e-08
-1.051803e-08 6.294292e-08 -1.423465e-08
2.917103e-08 6.631990e-08 -8.892324e-09
-3.470311e-09 7.842195e-08 -1.997058e-09
-2.247979e-09 8.340358e-08 -1.043373e-09
3.773726e-08 6.461716e-08 -3.174774e-08
1.202617e-08 9.350416e-08 1.316788e-09
1.853317e-08 1.002844e-07 3.894183e-09
3.080222e-08 8.357348e-08 -5.905752e-08
4.573552e-08 1.004784e-07 -1.119118e-08
4.990111e-08 1.036199e-07 -2.599217e-08
-5.689711e-09 1.089395e-07 -6.055603e-08
4.012808e-08 1.118608e-07 -6.469994e-08
2.500388e-08 1.150046e-07 -7.238901e-08
-1.109711e-08 1.374297e-07 -2.290901e-08
-6.946091e-09 1.267491e-07 -7.925677e-08
-3.133404e-08 1.353324e-07 -5.999034e-08
5.713420e-08 1.439286e-07 -1.489400e-08
-7.991139e-09 1.600661e-07 -3.367601e-09
2.342967e-08 1.560895e-07 -1.006002e-08
3.242916e-08 1.346912e-07 -9.233974e-08
6.463725e-08 1.506063e-07 -5.222641e-08
5.666165e-08 1.446937e-07 -7.667293e-08
-1.958705e-08 1.713309e-07 -4.469293e-08
1.241244e-09 1.610841e-07 -9.512043e-08
-1.846706e-08 1.784839e-07 -7.431639e-08
5.575460e-08 1.919244e-07 -4.157340e-08
1.720610e-08 2.003486e-07 -4.184130e-08
3.895087e-08 1.989619e-07 -5.432306e-08
8.004877e-09 1.940980e-07 -8.265668e-08
2.648880e-08 1.957571e-07 -8.454802e-08
1.299352e-08 2.005818e-07 -8.174697e-08
3.168774e-08 2.174452e-07 -6.196849e-08
8.646868e-09 2.120101e-07 -6.368017e-08
1.973629e-08 2.076215e-07 -5.714014e-08
2.399039e-08 2.072617e-07 -9.084638e-08
3.713067e-08 2.088030e-07 -8.881790e-08
1.475601e-08 2.046324e-07 -9.550938e-08
2.290893e-08 2.159453e-07 -4.370818e-08
4.244614e-09 2.220737e-07 -5.179910e-08
3.898671e-08 2.179989e-07 -5.609720e-08
-1.299009e-08 2.205693e-07 -7.646558e-08
-1.482393e-08 2.184720e-07 -9.315794e-08
-7.266551e-10 2.374742e-07 -4.557775e-08
9.131091e-09 2.139024e-07 -1.085606e-07
2.346624e-08 2.080901e-07 -1.049149e-07
-1.522250e-08 2.224464e-07 -8.272816e-08
4.374025e-08 2.291830e-07 -9.774355e-08
5.034299e-08 2.386536e-07 -8.300354e-08
2.204689e-09 2.231331e-07 -1.193825e-07
5.261842e-08 2.431447e-07 -5.127765e-08
5.025555e-08 2.533260e-07 -4.839344e-08
3.181434e-08 2.287055e-07 -1.278609e-07
3.539134e-08 2.534459e-07 -4.280082e-08
3.529615e-08 2.503806e-07 -5.292658e-08
2.873251e-08 2.340447e-07 -1.143789e-07
3.368554e-08 2.536421e-07 -5.646914e-08
4.187801e-08 2.577931e-07 -5.785105e-08
1.804510e-08 2.325404e-07 -1.328729e-07
5.461883e-08 2.496088e-07 -5.609640e-08
4.872214e-08 2.414442e-07 -5.986484e-08
-2.482726e-09 2.191979e-07 -1.262336e-07
5.324530e-08 2.280973e-07 -8.529187e-08
4.549442e-08 2.233315e-07 -1.002729e-07
-3.248789e-08 2.304911e-07 -8.688794e-08
2.022695e-08 2.178157e-07 -1.080370e-07
4.981933e-09 2.171246e-07 -1.039672e-07
-9.432998e-10 2.380454e-07 -5.911617e-08
-1.107163e-08 2.339096e-07 -9.411034e-08
-1.388490e-08 2.325078e-07 -7.999230e-08
1.688992e-08 2.418192e-07 -7.284810e-08
-1.387769e-09 2.417211e-07 -6.880010e-08
1.063779e-08 2.408120e-07 -6.571844e-08
