-6.508778315642e+06 4.321364905906e+05 1.841823154472e+06
-6.495350223736e+06 3.868375869857e+05 1.898428769622e+06
-6.481160313262e+06 3.414692546060e+05 1.954791391169e+06
-6.466210492955e+06 2.960361286174e+05 2.010903804854e+06
-6.450502758321e+06 2.505429124184e+05 2.066758828444e+06
-6.434039195166e+06 2.049943198638e+05 2.122349312652e+06
-6.416821980721e+06 1.593950182986e+05 2.177668142050e+06
-6.398853379342e+06 1.137497414947e+05 2.232708235982e+06
-6.380135744811e+06 6.806323224654e+04 2.287462549468e+06
-6.360671520227e+06 2.234018589244e+04 2.341924074110e+06
-6.340463236073e+06 -2.341463768116e+04 2.396085838983e+06
-6.319513511294e+06 -6.919647101489e+04 2.449940911532e+06
-6.297825051936e+06 -1.150005950059e+05 2.503482398458e+06
-6.275400652078e+06 -1.608222095446e+05 2.556703446598e+06
-6.252243191306e+06 -2.066565820553e+05 2.609597243808e+06
-6.228355636833e+06 -2.524989187070e+05 2.662157019827e+06
-6.203741042501e+06 -2.983444205404e+05 2.714376047151e+06
-6.178402545360e+06 -3.441883383522e+05 2.766247641890e+06
-6.152343370104e+06 -3.900258637546e+05 2.817765164623e+06
-6.125566826840e+06 -4.358521847119e+05 2.868922021251e+06
-6.098076306418e+06 -4.816625397229e+05 2.919711663839e+06
-6.069875287262e+06 -5.274521102397e+05 2.970127591453e+06
-6.040967331897e+06 -5.732160755579e+05 3.020163350996e+06
-6.011356081040e+06 -6.189496662380e+05 3.069812538028e+06
-5.981045262820e+06 -6.646480579983e+05 3.119068797593e+06
-5.950038688067e+06 -7.103064259000e+05 3.167925825025e+06
-5.918340243161e+06 -7.559199969523e+05 3.216377366762e+06
-5.885953901647e+06 -8.014839455903e+05 3.264417221140e+06
-5.852883718275e+06 -8.469934470986e+05 3.312039239192e+06
-5.819133820630e+06 -8.924437293453e+05 3.359237325432e+06
-5.784708423115e+06 -9.378299699538e+05 3.406005438636e+06
-5.749611819764e+06 -9.831473489095e+05 3.452337592616e+06
-5.713848374640e+06 -1.028391099368e+06 3.498227856985e+06
-5.677422538198e+06 -1.073556406631e+06 3.543670357916e+06
-5.640338838856e+06 -1.118638459875e+06 3.588659278897e+06
-5.602601872187e+06 -1.163632501990e+06 3.633188861469e+06
-5.564216323178e+06 -1.208533714129e+06 3.677253405971e+06
-5.525186938853e+06 -1.253337348142e+06 3.720847272263e+06
-5.485518551711e+06 -1.298038612131e+06 3.763964880452e+06
-5.445216069266e+06 -1.342632720612e+06 3.806600711603e+06
-5.404284461218e+06 -1.387114942596e+06 3.848749308449e+06
-5.362728782075e+06 -1.431480505883e+06 3.890405276087e+06
-5.320554159482e+06 -1.475724646208e+06 3.931563282668e+06
-5.277765780198e+06 -1.519842654208e+06 3.972218060083e+06
-5.234368915038e+06 -1.563829781896e+06 4.012364404632e+06
-5.190368906000e+06 -1.607681290741e+06 4.051997177696e+06
-5.145771151058e+06 -1.651392497471e+06 4.091111306389e+06
-5.100581131402e+06 -1.694958682827e+06 4.129701784212e+06
-5.054804397377e+06 -1.738375138518e+06 4.167763671691e+06
-5.008446552103e+06 -1.781637211830e+06 4.205292097011e+06
-4.961513280996e+06 -1.824740216732e+06 4.242282256636e+06
-4.914010336522e+06 -1.867679479684e+06 4.278729415930e+06
-4.865943520664e+06 -1.910450382976e+06 4.314628909758e+06
-4.817318716696e+06 -1.953048278306e+06 4.349976143084e+06
-4.768141872770e+06 -1.995468531371e+06 4.384766591561e+06
-4.718418983238e+06 -2.037706563909e+06 4.418995802108e+06
-4.668156122659e+06 -2.079757769827e+06 4.452659393481e+06
-4.617359428229e+06 -2.121617558534e+06 4.485753056834e+06
-4.566035079975e+06 -2.163281395640e+06 4.518272556270e+06
-4.514189343436e+06 -2.204744708478e+06 4.550213729384e+06
-4.461828518607e+06 -2.246002994355e+06 4.581572487795e+06
-4.408958983709e+06 -2.287051727427e+06 4.612344817668e+06
-4.355587175720e+06 -2.327886399842e+06 4.642526780231e+06
-4.301719568727e+06 -2.368502560106e+06 4.672114512277e+06
-4.247362713749e+06 -2.408895736428e+06 4.701104226658e+06
-4.192523218153e+06 -2.449061476486e+06 4.729492212771e+06
-4.137207722928e+06 -2.488995384347e+06 4.757274837034e+06
-4.081422944620e+06 -2.528693046659e+06 4.784448543346e+06
-4.025175653661e+06 -2.568150071011e+06 4.811009853551e+06
-3.968472650573e+06 -2.607362121355e+06 4.836955367873e+06
-3.911320809995e+06 -2.646324847137e+06 4.862281765360e+06
-3.853727057925e+06 -2.685033920195e+06 4.886985804302e+06
-3.795698346889e+06 -2.723485068662e+06 4.911064322652e+06
-3.737241702018e+06 -2.761674009094e+06 4.934514238425e+06
-3.678364197221e+06 -2.799596481881e+06 4.957332550099e+06
-3.619072929347e+06 -2.837248283588e+06 4.979516336992e+06
-3.559375066258e+06 -2.874625202154e+06 5.001062759641e+06
-3.499277821973e+06 -2.911723050776e+06 5.021969060165e+06
-3.438788429828e+06 -2.948537698659e+06 5.042232562615e+06
-3.377914201275e+06 -2.985064999439e+06 5.061850673319e+06
-3.316662456222e+06 -3.021300873058e+06 5.080820881213e+06
-3.255040582796e+06 -3.057241235789e+06 5.099140758164e+06
-3.193056010803e+06 -3.092882031499e+06 5.116807959278e+06
-3.130716183283e+06 -3.128219259673e+06 5.133820223203e+06
-3.068028609728e+06 -3.163248919114e+06 5.150175372416e+06
-3.005000838570e+06 -3.197967037595e+06 5.165871313503e+06
-2.941640427797e+06 -3.232369698211e+06 5.180906037429e+06
-2.877955000027e+06 -3.266452986371e+06 5.195277619789e+06
-2.813952214029e+06 -3.300213017810e+06 5.208984221061e+06
-2.749639734450e+06 -3.333645963241e+06 5.222024086839e+06
-2.685025288671e+06 -3.366747998695e+06 5.234395548056e+06
-2.620116637413e+06 -3.399515331859e+06 5.246097021199e+06
-2.554921543576e+06 -3.431944225008e+06 5.257127008512e+06
-2.489447830851e+06 -3.464030948740e+06 5.267484098188e+06
-2.423703353415e+06 -3.495771806619e+06 5.277166964548e+06
-2.357695963929e+06 -3.527163156357e+06 5.286174368212e+06
-2.291433573838e+06 -3.558201366995e+06 5.294505156257e+06
-2.224924122195e+06 -3.588882841823e+06 5.302158262365e+06
-2.158175542840e+06 -3.619204037795e+06 5.309132706961e+06
-2.091195826336e+06 -3.649161426196e+06 5.315427597334e+06
-2.023992987952e+06 -3.678751513813e+06 5.321042127757e+06
