2.968829e-01 7.043934e-02 2.831141e-01 9.092553e-01
2.820775e-01 7.334472e-02 2.782152e-01 9.152317e-01
2.541592e-01 6.682514e-02 2.513851e-01 9.315273e-01
2.252696e-01 5.981983e-02 2.232010e-01 9.464970e-01
1.959753e-01 5.263377e-02 1.945239e-01 9.596790e-01
1.663577e-01 4.527586e-02 1.654401e-01 9.710328e-01
1.364790e-01 3.774191e-02 1.360065e-01 9.805362e-01
1.064026e-01 3.002032e-02 1.062798e-01 9.881710e-01
7.619588e-02 2.208575e-02 7.631762e-02 9.939225e-01
4.593448e-02 1.388117e-02 4.617950e-02 9.977799e-01
1.306391e-02 4.478352e-03 1.326447e-02 9.998166e-01
1.047354e-03 7.590004e-04 1.153285e-03 9.999985e-01
-2.700333e-05 1.775255e-04 1.447558e-05 1.000000e+00
-2.763863e-05 -7.028537e-06 -2.750766e-05 1.000000e+00
1.777703e-06 -7.768567e-06 -7.415035e-08 1.000000e+00
1.133889e-06 2.511872e-07 1.120190e-06 1.000000e+00
-7.286138e-08 3.188605e-07 3.141471e-09 1.000000e+00
-4.661890e-08 -1.008797e-08 -4.600199e-08 1.000000e+00
2.960257e-09 -1.309581e-08 -1.592410e-10 1.000000e+00
1.915876e-09 4.055739e-10 1.888503e-09 1.000000e+00
-1.202686e-10 5.379008e-10 7.780853e-12 1.000000e+00
-7.873355e-11 -1.629672e-11 -7.752559e-11 1.000000e+00
4.885721e-12 -2.209371e-11 -3.704303e-13 1.000000e+00
3.235543e-12 6.545136e-13 3.182494e-12 1.000000e+00
-1.984503e-13 9.074664e-13 1.730097e-14 1.000000e+00
-1.329626e-13 -2.627353e-14 -1.306428e-13 1.000000e+00
8.059728e-15 -3.727243e-14 -7.962060e-16 1.000000e+00
5.463952e-15 1.054118e-15 5.362890e-15 1.000000e+00
-3.272903e-16 1.530877e-15 3.621495e-17 1.000000e+00
-2.245325e-16 -4.226884e-17 -2.201444e-16 1.000000e+00
1.328890e-17 -6.287646e-17 -1.631571e-18 1.000000e+00
9.226705e-18 1.693948e-18 9.036742e-18 1.000000e+00
-5.394938e-19 2.582446e-18 7.292657e-20 1.000000e+00
-3.791483e-19 -6.784478e-20 -3.709467e-19 1.000000e+00
2.189901e-20 -1.060644e-19 -3.237923e-21 1.000000e+00
1.557997e-20 2.715537e-21 1.522673e-20 1.000000e+00
-8.887946e-22 4.356159e-21 1.429453e-22 1.000000e+00
-6.402050e-22 -1.086184e-22 -6.250244e-22 1.000000e+00
3.606750e-23 -1.789093e-22 -6.279595e-24 1.000000e+00
2.630672e-23 4.341545e-24 2.565564e-23 1.000000e+00
-1.463413e-24 7.347804e-24 2.746779e-25 1.000000e+00
-1.080959e-24 -1.734048e-25 -1.053087e-24 1.000000e+00
5.936797e-26 -3.017710e-25 -1.196931e-26 1.000000e+00
4.441678e-26 6.920473e-27 4.322558e-26 1.000000e+00
-2.408079e-27 1.239347e-26 5.198203e-28 1.000000e+00
-1.825072e-27 -2.759614e-28 -1.774242e-27 1.000000e+00
9.766088e-29 -5.089833e-28 -2.250774e-29 1.000000e+00
7.499079e-29 1.099454e-29 7.282498e-29 1.000000e+00
-3.960047e-30 2.090304e-29 9.719347e-31 1.000000e+00
-3.081279e-30 -4.376210e-31 -2.989119e-30 1.000000e+00
1.605491e-31 -8.584420e-31 -4.186795e-32 1.000000e+00
1.266045e-31 1.740146e-32 1.226879e-31 1.000000e+00
-6.507913e-33 3.525395e-32 1.799547e-33 1.000000e+00
-5.201905e-33 -6.912113e-34 -5.035647e-33 1.000000e+00
2.637545e-34 -1.447771e-33 -7.719090e-35 1.000000e+00
2.137327e-34 2.742472e-35 2.066828e-34 1.000000e+00
-1.068760e-35 5.945488e-35 3.304945e-36 1.000000e+00
-8.781616e-36 -1.086788e-36 -8.482988e-36 1.000000e+00
4.329928e-37 -2.441577e-36 -1.412610e-37 1.000000e+00
3.608055e-37 4.301107e-38 3.481679e-37 1.000000e+00
-1.753877e-38 1.002649e-37 6.028345e-39 1.000000e+00
-1.482406e-38 -1.699828e-39 -1.428973e-38 1.000000e+00
7.102867e-40 -4.117395e-39 -2.568870e-40 1.000000e+00
6.090544e-40 6.707652e-41 5.864820e-40 1.000000e+00
-2.875952e-41 1.690798e-40 1.093201e-41 1.000000e+00
-2.502305e-41 -2.642548e-42 -2.407026e-41 1.000000e+00
1.164235e-42 -6.943143e-42 -4.646355e-43 1.000000e+00
1.028063e-42 1.039203e-43 9.878755e-43 1.000000e+00
-4.712032e-44 2.851124e-43 1.972494e-44 1.000000e+00
-4.223712e-44 -4.078813e-45 -4.054329e-44 1.000000e+00
1.906697e-45 -1.170769e-44 -8.364561e-46 1.000000e+00
1.735258e-45 1.597509e-46 1.663915e-45 1.000000e+00
-7.713621e-47 4.807531e-46 3.543434e-47 1.000000e+00
-7.129007e-47 -6.242197e-48 -6.828712e-47 1.000000e+00
3.119861e-48 -1.974096e-47 -1.499639e-48 1.000000e+00
2.928797e-48 2.432825e-49 2.802475e-48 1.000000e+00
-1.261564e-49 8.106057e-49 6.340957e-50 1.000000e+00
-1.203219e-49 -9.454545e-51 -1.150112e-49 1.000000e+00
5.100086e-51 -3.328485e-50 -2.678868e-51 1.000000e+00
4.943052e-51 3.662538e-52 4.719910e-51 1.000000e+00
-2.061277e-52 1.366718e-51 1.130829e-52 1.000000e+00
-2.030678e-52 -1.413722e-53 -1.936969e-52 1.000000e+00
8.328804e-54 -5.611858e-53 -4.769914e-54 1.000000e+00
8.342229e-54 5.434774e-55 7.948902e-54 1.000000e+00
-3.364438e-55 2.304251e-54 2.010526e-55 1.000000e+00
-3.427034e-55 -2.079630e-56 -3.262022e-55 1.000000e+00
1.358696e-56 -9.461247e-56 -8.468582e-57 1.000000e+00
1.407829e-56 7.915396e-58 1.338634e-56 1.000000e+00
-5.485392e-58 3.884744e-57 3.564744e-58 1.000000e+00
-5.783314e-58 -2.994067e-59 -5.493288e-58 1.000000e+00
2.213934e-59 -1.595041e-58 -1.499604e-59 1.000000e+00
2.375740e-59 1.124270e-60 2.254230e-59 1.000000e+00
-8.932825e-61 6.549024e-60 6.304750e-61 1.000000e+00
-9.759243e-61 -4.184813e-62 -9.250374e-61 1.000000e+00
3.603092e-62 -2.688913e-61 -2.649199e-62 1.000000e+00
4.008932e-62 1.541169e-63 3.795909e-62 1.000000e+00
-1.452845e-63 1.104009e-62 1.112571e-63 1.000000e+00
-1.646784e-63 -5.600947e-65 -1.557642e-63 1.000000e+00
5.856197e-65 -4.532769e-64 -4.670007e-65 1.000000e+00
6.764563e-65 2.001268e-66 6.391674e-65 1.000000e+00
-2.359710e-66 1.861016e-65 1.959268e-66 1.000000e+00
