1.136727e+02 1.224165e+01 -8.601706e+01
1.142995e+02 1.361926e+01 -8.765740e+01
1.136045e+02 1.678718e+01 -9.140639e+01
1.131228e+02 2.008020e+01 -9.527797e+01
1.129176e+02 2.341273e+01 -9.922138e+01
1.130079e+02 2.676369e+01 -1.032676e+02
1.134163e+02 3.011365e+01 -1.074552e+02
1.141704e+02 3.344177e+01 -1.118277e+02
1.153033e+02 3.672537e+01 -1.164335e+02
1.168514e+02 3.994014e+01 -1.213246e+02
1.189964e+02 4.336000e+01 -1.269590e+02
1.202575e+02 4.438400e+01 -1.296279e+02
1.208416e+02 4.419159e+01 -1.305659e+02
1.213560e+02 4.387068e+01 -1.313273e+02
1.218803e+02 4.352838e+01 -1.320855e+02
1.223996e+02 4.318296e+01 -1.328409e+02
1.229088e+02 4.283329e+01 -1.335875e+02
1.234088e+02 4.247875e+01 -1.343254e+02
1.238997e+02 4.211951e+01 -1.350549e+02
1.243818e+02 4.175570e+01 -1.357761e+02
1.248549e+02 4.138743e+01 -1.364892e+02
1.253193e+02 4.101482e+01 -1.371942e+02
1.257750e+02 4.063795e+01 -1.378912e+02
1.262221e+02 4.025694e+01 -1.385803e+02
1.266606e+02 3.987189e+01 -1.392617e+02
1.270908e+02 3.948290e+01 -1.399354e+02
1.275126e+02 3.909006e+01 -1.406016e+02
1.279263e+02 3.869348e+01 -1.412604e+02
1.283318e+02 3.829323e+01 -1.419119e+02
1.287293e+02 3.788943e+01 -1.425562e+02
1.291188e+02 3.748215e+01 -1.431935e+02
1.295006e+02 3.707149e+01 -1.438238e+02
1.298747e+02 3.665753e+01 -1.444473e+02
1.302411e+02 3.624035e+01 -1.450641e+02
1.306001e+02 3.582004e+01 -1.456743e+02
1.309516e+02 3.539668e+01 -1.462781e+02
1.312959e+02 3.497035e+01 -1.468755e+02
1.316329e+02 3.454112e+01 -1.474668e+02
1.319629e+02 3.410907e+01 -1.480519e+02
1.322859e+02 3.367427e+01 -1.486311e+02
1.326019e+02 3.323680e+01 -1.492045e+02
1.329112e+02 3.279673e+01 -1.497721e+02
1.332138e+02 3.235412e+01 -1.503341e+02
1.335098e+02 3.190904e+01 -1.508906e+02
1.337993e+02 3.146156e+01 -1.514418e+02
1.340824e+02 3.101175e+01 -1.519877e+02
1.343592e+02 3.055966e+01 -1.525284e+02
1.346298e+02 3.010535e+01 -1.530641e+02
1.348942e+02 2.964889e+01 -1.535949e+02
1.351526e+02 2.919034e+01 -1.541209e+02
1.354050e+02 2.872975e+01 -1.546423e+02
1.356515e+02 2.826717e+01 -1.551590e+02
1.358923e+02 2.780267e+01 -1.556712e+02
1.361274e+02 2.733630e+01 -1.561791e+02
1.363568e+02 2.686810e+01 -1.566827e+02
1.365807e+02 2.639814e+01 -1.571822e+02
1.367991e+02 2.592645e+01 -1.576776e+02
1.370122e+02 2.545310e+01 -1.581690e+02
1.372199e+02 2.497812e+01 -1.586566e+02
1.374224e+02 2.450156e+01 -1.591405e+02
1.376197e+02 2.402348e+01 -1.596206e+02
1.378119e+02 2.354391e+01 -1.600972e+02
1.379991e+02 2.306290e+01 -1.605704e+02
1.381813e+02 2.258049e+01 -1.610401e+02
1.383586e+02 2.209672e+01 -1.615066e+02
1.385311e+02 2.161164e+01 -1.619699e+02
1.386987e+02 2.112529e+01 -1.624301e+02
1.388617e+02 2.063770e+01 -1.628873e+02
1.390200e+02 2.014891e+01 -1.633415e+02
1.391737e+02 1.965897e+01 -1.637929e+02
1.393228e+02 1.916791e+01 -1.642416e+02
1.394674e+02 1.867577e+01 -1.646876e+02
1.396076e+02 1.818258e+01 -1.651310e+02
1.397434e+02 1.768837e+01 -1.655719e+02
1.398748e+02 1.719319e+01 -1.660104e+02
1.400019e+02 1.669707e+01 -1.664465e+02
1.401248e+02 1.620004e+01 -1.668804e+02
1.402434e+02 1.570213e+01 -1.673121e+02
1.403579e+02 1.520338e+01 -1.677416e+02
1.404682e+02 1.470382e+01 -1.681692e+02
1.405744e+02 1.420348e+01 -1.685948e+02
1.406766e+02 1.370239e+01 -1.690185e+02
1.407747e+02 1.320058e+01 -1.694405e+02
1.408689e+02 1.269808e+01 -1.698606e+02
1.409591e+02 1.219493e+01 -1.702792e+02
1.410454e+02 1.169115e+01 -1.706961e+02
1.411278e+02 1.118676e+01 -1.711116e+02
1.412063e+02 1.068181e+01 -1.715255e+02
1.412810e+02 1.017631e+01 -1.719381e+02
1.413519e+02 9.670300e+00 -1.723495e+02
1.414190e+02 9.163800e+00 -1.727595e+02
1.414823e+02 8.656840e+00 -1.731684e+02
1.415419e+02 8.149447e+00 -1.735762e+02
1.415978e+02 7.641648e+00 -1.739830e+02
1.416500e+02 7.133469e+00 -1.743888e+02
1.416985e+02 6.624937e+00 -1.747937e+02
1.417433e+02 6.116077e+00 -1.751977e+02
1.417845e+02 5.606916e+00 -1.756010e+02
1.418220e+02 5.097480e+00 -1.760036e+02
1.418560e+02 4.587794e+00 -1.764056e+02
1.418863e+02 4.077883e+00 -1.768070e+02
