9.546559144872e-01 -1.796247996942e-01 2.374173883047e-01
9.551027352407e-01 -1.709892157239e-01 2.419534113044e-01
9.671011985834e-01 -1.284755251766e-01 2.195661884924e-01
9.765837828041e-01 -8.258929382434e-02 1.986532751041e-01
9.829876866460e-01 -3.491768410371e-02 1.803218323972e-01
9.862405838329e-01 1.413297297906e-02 1.647111710716e-01
9.863085978642e-01 6.419789237217e-02 1.519012191992e-01
9.831838326184e-01 1.149094270175e-01 1.419344033712e-01
9.768856926859e-01 1.658992973184e-01 1.348026949839e-01
9.674652028797e-01 2.168041949387e-01 1.304109745147e-01
9.537824197544e-01 2.716859906705e-01 1.283971114974e-01
9.479090240350e-01 2.916515944830e-01 1.280930505087e-01
9.473906739848e-01 2.935371153343e-01 1.276200327841e-01
9.474125706912e-01 2.936179324983e-01 1.272710910292e-01
9.474283769613e-01 2.935748562877e-01 1.272527967632e-01
9.474265461143e-01 2.935738477487e-01 1.272687535728e-01
9.474253818612e-01 2.935770757654e-01 1.272699744253e-01
9.474249453139e-01 2.935785942723e-01 1.272697213876e-01
9.474244812850e-01 2.935799389444e-01 1.272700739027e-01
9.474239870323e-01 2.935813539647e-01 1.272704891170e-01
9.474234935505e-01 2.935827764645e-01 1.272708813199e-01
9.474230009540e-01 2.935841964185e-01 1.272712727864e-01
9.474225079512e-01 2.935856164420e-01 1.272716670973e-01
9.474220145179e-01 2.935870369890e-01 1.272720633876e-01
9.474215206879e-01 2.935884579931e-01 1.272724615566e-01
9.474210264435e-01 2.935898794762e-01 1.272728616865e-01
9.474205317645e-01 2.935913014815e-01 1.272732638278e-01
9.474200366329e-01 2.935927240488e-01 1.272736680232e-01
9.474195410308e-01 2.935941472166e-01 1.272740743167e-01
9.474190449402e-01 2.935955710237e-01 1.272744827520e-01
9.474185483435e-01 2.935969955088e-01 1.272748933726e-01
9.474180512227e-01 2.935984207103e-01 1.272753062217e-01
9.474175535602e-01 2.935998466669e-01 1.272757213423e-01
9.474170553383e-01 2.936012734169e-01 1.272761387771e-01
9.474165565396e-01 2.936027009987e-01 1.272765585683e-01
9.474160571464e-01 2.936041294503e-01 1.272769807581e-01
9.474155571414e-01 2.936055588098e-01 1.272774053881e-01
9.474150565073e-01 2.936069891153e-01 1.272778324998e-01
9.474145552268e-01 2.936084204046e-01 1.272782621343e-01
9.474140532827e-01 2.936098527153e-01 1.272786943324e-01
9.474135506579e-01 2.936112860851e-01 1.272791291345e-01
9.474130473355e-01 2.936127205513e-01 1.272795665808e-01
9.474125432984e-01 2.936141561513e-01 1.272800067110e-01
9.474120385300e-01 2.936155929223e-01 1.272804495646e-01
9.474115330134e-01 2.936170309012e-01 1.272808951807e-01
9.474110267320e-01 2.936184701250e-01 1.272813435980e-01
9.474105196693e-01 2.936199106302e-01 1.272817948550e-01
9.474100118088e-01 2.936213524535e-01 1.272822489895e-01
9.474095031343e-01 2.936227956311e-01 1.272827060393e-01
9.474089936294e-01 2.936242401993e-01 1.272831660417e-01
9.474084832780e-01 2.936256861940e-01 1.272836290334e-01
9.474079720642e-01 2.936271336512e-01 1.272840950512e-01
9.474074599720e-01 2.936285826065e-01 1.272845641310e-01
9.474069469855e-01 2.936300330951e-01 1.272850363086e-01
9.474064330893e-01 2.936314851526e-01 1.272855116193e-01
9.474059182675e-01 2.936329388138e-01 1.272859900982e-01
9.474054025049e-01 2.936343941136e-01 1.272864717796e-01
9.474048857860e-01 2.936358510867e-01 1.272869566978e-01
9.474043680957e-01 2.936373097675e-01 1.272874448865e-01
9.474038494189e-01 2.936387701901e-01 1.272879363788e-01
9.474033297405e-01 2.936402323886e-01 1.272884312078e-01
9.474028090459e-01 2.936416963966e-01 1.272889294058e-01
9.474022873202e-01 2.936431622478e-01 1.272894310048e-01
9.474017645489e-01 2.936446299754e-01 1.272899360364e-01
9.474012407176e-01 2.936460996125e-01 1.272904445318e-01
9.474007158120e-01 2.936475711917e-01 1.272909565215e-01
9.474001898178e-01 2.936490447457e-01 1.272914720360e-01
9.473996627211e-01 2.936505203068e-01 1.272919911048e-01
9.473991345080e-01 2.936519979071e-01 1.272925137575e-01
9.473986051647e-01 2.936534775782e-01 1.272930400228e-01
9.473980746776e-01 2.936549593517e-01 1.272935699292e-01
9.473975430333e-01 2.936564432588e-01 1.272941035046e-01
9.473970102185e-01 2.936579293306e-01 1.272946407765e-01
9.473964762199e-01 2.936594175976e-01 1.272951817719e-01
9.473959410247e-01 2.936609080904e-01 1.272957265172e-01
9.473954046198e-01 2.936624008390e-01 1.272962750387e-01
9.473948669927e-01 2.936638958732e-01 1.272968273618e-01
9.473943281308e-01 2.936653932227e-01 1.272973835115e-01
9.473937880217e-01 2.936668929166e-01 1.272979435126e-01
9.473932466532e-01 2.936683949840e-01 1.272985073890e-01
9.473927040132e-01 2.936698994534e-01 1.272990751644e-01
9.473921600897e-01 2.936714063531e-01 1.272996468618e-01
9.473916148711e-01 2.936729157113e-01 1.273002225040e-01
9.473910683458e-01 2.936744275556e-01 1.273008021128e-01
9.473905205023e-01 2.936759419134e-01 1.273013857100e-01
9.473899713294e-01 2.936774588117e-01 1.273019733166e-01
9.473894208161e-01 2.936789782774e-01 1.273025649532e-01
9.473888689514e-01 2.936805003368e-01 1.273031606397e-01
9.473883157246e-01 2.936820250161e-01 1.273037603958e-01
9.473877611252e-01 2.936835523409e-01 1.273043642404e-01
9.473872051427e-01 2.936850823366e-01 1.273049721920e-01
9.473866477670e-01 2.936866150284e-01 1.273055842686e-01
9.473860889880e-01 2.936881504410e-01 1.273062004875e-01
9.473855287959e-01 2.936896885987e-01 1.273068208658e-01
9.473849671810e-01 2.936912295255e-01 1.273074454196e-01
9.473844041338e-01 2.936927732451e-01 1.273080741649e-01
9.473838396451e-01 2.936943197809e-01 1.273087071170e-01
9.473832737056e-01 2.936958691558e-01 1.273093442906e-01
9.473827063065e-01 2.936974213923e-01 1.273099856999e-01
9.473821374390e-01 2.936989765127e-01 1.273106313586e-01
9.473815670946e-01 2.937005345388e-01 1.273112812798e-01
