5.235987755983e-03 6.981317007977e-03 8.726646259972e-03 0.000000000000e+00 0.000000000000e+00 0.000000000000e+00 
-5.692192099105e-03 -1.173574231012e-03 -5.445427766693e-03 0.000000000000e+00 0.000000000000e+00 0.000000000000e+00 
-6.111418372431e-03 -1.472440076664e-03 -6.017071470055e-03 0.000000000000e+00 0.000000000000e+00 0.000000000000e+00 
-6.121868132674e-03 -1.494946187262e-03 -6.043375392857e-03 0.000000000000e+00 0.000000000000e+00 0.000000000000e+00 
-6.115441255115e-03 -1.510867216246e-03 -6.047667900966e-03 0.000000000000e+00 0.000000000000e+00 0.000000000000e+00 
-6.107689629727e-03 -1.529421053588e-03 -6.050989017402e-03 0.000000000000e+00 0.000000000000e+00 0.000000000000e+00 
-6.098966991945e-03 -1.551972897795e-03 -6.054146488157e-03 0.000000000000e+00 0.000000000000e+00 0.000000000000e+00 
-6.088809990228e-03 -1.580500301417e-03 -6.057104986161e-03 0.000000000000e+00 0.000000000000e+00 0.000000000000e+00 
-6.076217707377e-03 -1.618977987504e-03 -6.059719846326e-03 0.000000000000e+00 0.000000000000e+00 0.000000000000e+00 
-6.058564638551e-03 -1.677564989321e-03 -6.061591828847e-03 0.000000000000e+00 0.000000000000e+00 0.000000000000e+00 
-5.632674958145e-03 -1.642358338984e-03 -5.659634726129e-03 0.000000000000e+00 0.000000000000e+00 0.000000000000e+00 
-6.001513284490e-04 -2.344080270677e-04 -6.163327347237e-04 0.000000000000e+00 0.000000000000e+00 0.000000000000e+00 
-3.798149436797e-05 -6.436978590204e-05 -5.009305697957e-05 0.000000000000e+00 0.000000000000e+00 0.000000000000e+00 
1.156167745919e-05 -9.694954795451e-06 8.673019142259e-06 0.000000000000e+00 0.000000000000e+00 0.000000000000e+00 
1.185382249779e-06 2.882495375836e-06 1.758525412557e-06 0.000000000000e+00 0.000000000000e+00 0.000000000000e+00 
-4.751470533444e-07 4.136643427486e-07 -3.530414312283e-07 0.000000000000e+00 0.000000000000e+00 0.000000000000e+00 
-4.887985122342e-08 -1.176314515197e-07 -7.223952966397e-08 0.000000000000e+00 0.000000000000e+00 0.000000000000e+00 
1.949478591963e-08 -1.705447411801e-08 1.446643297424e-08 0.000000000000e+00 0.000000000000e+00 0.000000000000e+00 
2.020144240932e-09 4.816765003044e-09 2.975522531448e-09 0.000000000000e+00 0.000000000000e+00 0.000000000000e+00 
-7.990397750911e-10 7.032894846472e-10 -5.919830424334e-10 0.000000000000e+00 0.000000000000e+00 0.000000000000e+00 
-8.346176541323e-11 -1.972838016257e-10 -1.225473626376e-10 0.000000000000e+00 0.000000000000e+00 0.000000000000e+00 
3.274891283742e-11 -2.900258802760e-11 2.422270007052e-11 0.000000000000e+00 0.000000000000e+00 0.000000000000e+00 
3.447983225475e-12 8.080218411794e-12 5.046996277376e-12 0.000000000000e+00 0.000000000000e+00 0.000000000000e+00 
-1.342206802666e-12 1.195987884056e-12 -9.911196654126e-13 0.000000000000e+00 0.000000000000e+00 0.000000000000e+00 
-1.424364465610e-13 -3.309388441792e-13 -2.078514432574e-13 0.000000000000e+00 0.000000000000e+00 0.000000000000e+00 
5.500930672034e-14 -4.931779790058e-14 4.055273830000e-14 0.000000000000e+00 0.000000000000e+00 0.000000000000e+00 
5.883772690854e-15 1.355393336029e-14 8.559812863731e-15 0.000000000000e+00 0.000000000000e+00 0.000000000000e+00 
-2.254483513719e-15 2.033609467402e-15 -1.659222961790e-15 0.000000000000e+00 0.000000000000e+00 0.000000000000e+00 
-2.430354740445e-16 -5.551059350345e-16 -3.525061644057e-16 0.000000000000e+00 0.000000000000e+00 0.000000000000e+00 
9.239577052270e-17 -8.385298551871e-17 6.788592191954e-17 0.000000000000e+00 0.000000000000e+00 0.000000000000e+00 
1.003835924157e-17 2.273417955574e-17 1.451645046195e-17 0.000000000000e+00 0.000000000000e+00 0.000000000000e+00 
-3.786615728831e-18 3.457456409267e-18 -2.777442217089e-18 0.000000000000e+00 0.000000000000e+00 0.000000000000e+00 
-4.146057593060e-19 -9.310554714628e-19 -5.977856489685e-19 0.000000000000e+00 0.000000000000e+00 0.000000000000e+00 
1.551831174825e-19 -1.425549216403e-19 1.136319918131e-19 0.000000000000e+00 0.000000000000e+00 0.000000000000e+00 
1.712330943502e-20 3.812981063306e-20 2.461625113876e-20 0.000000000000e+00 0.000000000000e+00 0.000000000000e+00 
-6.359629039245e-21 5.877533941520e-21 -4.648859419287e-21 0.000000000000e+00 0.000000000000e+00 0.000000000000e+00 
-7.071639237739e-22 -1.561516313389e-21 -1.013654088638e-21 0.000000000000e+00 0.000000000000e+00 0.000000000000e+00 
2.606232452096e-22 -2.423235432187e-22 1.901876649343e-22 0.000000000000e+00 0.000000000000e+00 0.000000000000e+00 
2.920335462920e-23 6.394714399745e-23 4.173968082194e-23 0.000000000000e+00 0.000000000000e+00 0.000000000000e+00 
-1.068042523699e-23 9.990419288765e-24 -7.780515081799e-24 0.000000000000e+00 0.000000000000e+00 0.000000000000e+00 
-1.205940476946e-24 -2.618716553525e-24 -1.718699722284e-24 0.000000000000e+00 0.000000000000e+00 0.000000000000e+00 
4.376812585361e-25 -4.118694355801e-25 3.182909942700e-25 0.000000000000e+00 0.000000000000e+00 0.000000000000e+00 
4.979660258511e-26 1.072379519487e-25 7.076890501316e-26 0.000000000000e+00 0.000000000000e+00 0.000000000000e+00 
-1.793582447998e-26 1.697943598604e-26 -1.302057852570e-26 0.000000000000e+00 0.000000000000e+00 0.000000000000e+00 
-2.056148554136e-27 -4.391381507826e-27 -2.913912999365e-27 0.000000000000e+00 0.000000000000e+00 0.000000000000e+00 
7.349853902156e-28 -6.999627077133e-28 5.326305436567e-28 0.000000000000e+00 0.000000000000e+00 0.000000000000e+00 
8.489662304870e-29 1.798234927232e-28 1.199782079365e-28 0.000000000000e+00 0.000000000000e+00 0.000000000000e+00 
-3.011826927312e-29 2.885456898302e-29 -2.178771253947e-29 0.000000000000e+00 0.000000000000e+00 0.000000000000e+00 
-3.505158881069e-30 -7.363499357601e-30 -4.939919753047e-30 0.000000000000e+00 0.000000000000e+00 0.000000000000e+00 
1.234170720325e-30 -1.189439685222e-30 8.912240853258e-31 0.000000000000e+00 0.000000000000e+00 0.000000000000e+00 
1.447126768700e-31 3.015189443448e-31 2.033898137443e-31 0.000000000000e+00 0.000000000000e+00 0.000000000000e+00 
-5.057249324707e-32 4.902961670646e-32 -3.645455712872e-32 0.000000000000e+00 0.000000000000e+00 0.000000000000e+00 
-5.974302764770e-33 -1.234631752028e-32 -8.373949389502e-33 0.000000000000e+00 0.000000000000e+00 0.000000000000e+00 
2.072274902557e-33 -2.020984148950e-33 1.491098370833e-33 0.000000000000e+00 0.000000000000e+00 0.000000000000e+00 
2.466322489755e-34 5.055367450076e-34 3.447651347719e-34 0.000000000000e+00 0.000000000000e+00 0.000000000000e+00 
-8.491300729998e-35 8.330206078803e-35 -6.098882199273e-35 0.000000000000e+00 0.000000000000e+00 0.000000000000e+00 
-1.018109948926e-35 -2.069952701883e-35 -1.419411338925e-35 0.000000000000e+00 0.000000000000e+00 0.000000000000e+00 
3.479324269813e-36 -3.433500420061e-36 2.494500503927e-36 0.000000000000e+00 0.000000000000e+00 0.000000000000e+00 
4.202636978657e-37 8.475405466195e-37 5.843663064741e-37 0.000000000000e+00 0.000000000000e+00 0.000000000000e+00 
-1.425638437813e-37 1.415164991417e-37 -1.020249215017e-37 0.000000000000e+00 0.000000000000e+00 0.000000000000e+00 
-1.734729016869e-38 -3.470186960634e-38 -2.405769842836e-38 0.000000000000e+00 0.000000000000e+00 0.000000000000e+00 
5.841409698917e-39 -5.832647758035e-39 4.172709823194e-39 0.000000000000e+00 0.000000000000e+00 0.000000000000e+00 
7.160183719163e-40 1.420815050969e-39 9.904100586345e-40 0.000000000000e+00 0.000000000000e+00 0.000000000000e+00 
-2.393424298447e-40 2.403882371420e-40 -1.706550950702e-40 0.000000000000e+00 0.000000000000e+00 0.000000000000e+00 
-2.955286775427e-41 -5.817206340285e-41 -4.077257205164e-41 0.000000000000e+00 0.000000000000e+00 0.000000000000e+00 
9.806532153208e-42 -9.907168570897e-42 6.979260536841e-42 0.000000000000e+00 0.000000000000e+00 0.000000000000e+00 
1.219714587978e-42 2.381680992304e-42 1.678468979851e-42 0.000000000000e+00 0.000000000000e+00 0.000000000000e+00 
-4.017953674199e-43 4.082957461369e-43 -2.854227299057e-43 0.000000000000e+00 0.000000000000e+00 0.000000000000e+00 
-5.033848107577e-44 -9.750903802012e-44 -6.909565161031e-44 0.000000000000e+00 0.000000000000e+00 0.000000000000e+00 
1.646220767829e-44 -1.682632236434e-44 1.167230447874e-44 0.000000000000e+00 0.000000000000e+00 0.000000000000e+00 
2.077425564912e-45 3.992071115358e-45 2.844332368752e-45 0.000000000000e+00 0.000000000000e+00 0.000000000000e+00 
-6.744734897326e-46 6.934141270210e-46 -4.773242305107e-46 0.000000000000e+00 0.000000000000e+00 0.000000000000e+00 
-8.573032782907e-47 -1.634345000985e-46 -1.170852645878e-46 0.000000000000e+00 0.000000000000e+00 0.000000000000e+00 
2.763346364363e-47 -2.857494336975e-47 1.951906847230e-47 0.000000000000e+00 0.000000000000e+00 0.000000000000e+00 
3.537751418490e-48 6.690849122597e-48 4.819660556155e-48 0.000000000000e+00 0.000000000000e+00 0.000000000000e+00 
-1.132138002570e-48 1.177517486099e-48 -7.981662099108e-49 0.000000000000e+00 0.000000000000e+00 0.000000000000e+00 
-1.459836189285e-49 -2.739117847306e-49 -1.983914797101e-49 0.000000000000e+00 0.000000000000e+00 0.000000000000e+00 
4.638280322869e-50 -4.852200356774e-50 3.263744420792e-50 0.000000000000e+00 0.000000000000e+00 0.000000000000e+00 
6.023724251493e-51 1.121326630498e-50 8.166236906093e-51 0.000000000000e+00 0.000000000000e+00 0.000000000000e+00 
-1.900238744083e-51 1.999399310947e-51 -1.334527134977e-51 0.000000000000e+00 0.000000000000e+00 0.000000000000e+00 
-2.485480418335e-52 -4.590346263672e-52 -3.361347146195e-52 0.000000000000e+00 0.000000000000e+00 0.000000000000e+00 
7.784896991436e-53 -8.238532908361e-53 5.456661883320e-53 0.000000000000e+00 0.000000000000e+00 0.000000000000e+00 
1.025510407242e-53 1.879103072895e-53 1.383557562072e-53 0.000000000000e+00 0.000000000000e+00 0.000000000000e+00 
-3.189268404476e-54 3.394609561472e-54 -2.231079027232e-54 0.000000000000e+00 0.000000000000e+00 0.000000000000e+00 
-4.231110973909e-55 -7.692146674029e-55 -5.694736192023e-55 0.000000000000e+00 0.000000000000e+00 0.000000000000e+00 
1.306540092806e-55 -1.398683532368e-55 9.122020462858e-56 0.000000000000e+00 0.000000000000e+00 0.000000000000e+00 
1.745635359394e-56 3.148736085449e-56 2.343918673507e-56 0.000000000000e+00 0.000000000000e+00 0.000000000000e+00 
-5.352391283174e-57 5.762870359680e-57 -3.729539506103e-57 0.000000000000e+00 0.000000000000e+00 0.000000000000e+00 
-7.201742088235e-58 -1.288892415532e-57 -9.647261632712e-58 0.000000000000e+00 0.000000000000e+00 0.000000000000e+00 
2.192635206049e-58 -2.374368206508e-58 1.524780622898e-58 0.000000000000e+00 0.000000000000e+00 0.000000000000e+00 
2.971027452634e-59 5.275804916091e-59 3.970618859669e-59 0.000000000000e+00 0.000000000000e+00 0.000000000000e+00 
-8.982108516639e-60 9.782439922129e-60 -6.233721547950e-60 0.000000000000e+00 0.000000000000e+00 0.000000000000e+00 
-1.225634498374e-60 -2.159495941673e-60 -1.634199259120e-60 0.000000000000e+00 0.000000000000e+00 0.000000000000e+00 
3.679455625389e-61 -4.030289886086e-61 2.548444702090e-61 0.000000000000e+00 0.000000000000e+00 0.000000000000e+00 
5.055925224702e-62 8.839091099806e-62 6.725808814947e-62 0.000000000000e+00 0.000000000000e+00 0.000000000000e+00 
-1.507239162884e-62 1.660410322843e-62 -1.041815242372e-62 0.000000000000e+00 0.000000000000e+00 0.000000000000e+00 
-2.085574947479e-63 -3.617881440353e-63 -2.768068057965e-63 0.000000000000e+00 0.000000000000e+00 0.000000000000e+00 
6.174105824822e-64 -6.840450099817e-64 4.258864004988e-64 0.000000000000e+00 0.000000000000e+00 0.000000000000e+00 
8.602735919864e-65 1.480786693421e-64 1.139204737740e-64 0.000000000000e+00 0.000000000000e+00 0.000000000000e+00 
-2.529060608015e-65 2.818020294945e-65 -1.740942002976e-65 0.000000000000e+00 0.000000000000e+00 0.000000000000e+00 
-3.548404718250e-66 -6.060690061536e-66 -4.688345506551e-66 0.000000000000e+00 0.000000000000e+00 0.000000000000e+00 
