5.235988e-03 6.981317e-03 8.726646e-03
-5.692192e-03 -1.173574e-03 -5.445428e-03
-6.111418e-03 -1.472440e-03 -6.017071e-03
-6.121868e-03 -1.494946e-03 -6.043375e-03
-6.115441e-03 -1.510867e-03 -6.047668e-03
-6.107690e-03 -1.529421e-03 -6.050989e-03
-6.098967e-03 -1.551973e-03 -6.054146e-03
-6.088810e-03 -1.580500e-03 -6.057105e-03
-6.076218e-03 -1.618978e-03 -6.059720e-03
-6.058565e-03 -1.677565e-03 -6.061592e-03
-5.632675e-03 -1.642358e-03 -5.659635e-03
-6.001513e-04 -2.344080e-04 -6.163327e-04
-3.798149e-05 -6.436979e-05 -5.009306e-05
1.156168e-05 -9.694955e-06 8.673019e-06
1.185382e-06 2.882495e-06 1.758525e-06
-4.751471e-07 4.136643e-07 -3.530414e-07
-4.887985e-08 -1.176315e-07 -7.223953e-08
1.949479e-08 -1.705447e-08 1.446643e-08
2.020144e-09 4.816765e-09 2.975523e-09
-7.990398e-10 7.032895e-10 -5.919830e-10
-8.346177e-11 -1.972838e-10 -1.225474e-10
3.274891e-11 -2.900259e-11 2.422270e-11
3.447983e-12 8.080218e-12 5.046996e-12
-1.342207e-12 1.195988e-12 -9.911197e-13
-1.424364e-13 -3.309388e-13 -2.078514e-13
5.500931e-14 -4.931780e-14 4.055274e-14
5.883773e-15 1.355393e-14 8.559813e-15
-2.254484e-15 2.033609e-15 -1.659223e-15
-2.430355e-16 -5.551059e-16 -3.525062e-16
9.239577e-17 -8.385299e-17 6.788592e-17
1.003836e-17 2.273418e-17 1.451645e-17
-3.786616e-18 3.457456e-18 -2.777442e-18
-4.146058e-19 -9.310555e-19 -5.977856e-19
1.551831e-19 -1.425549e-19 1.136320e-19
1.712331e-20 3.812981e-20 2.461625e-20
-6.359629e-21 5.877534e-21 -4.648859e-21
-7.071639e-22 -1.561516e-21 -1.013654e-21
2.606232e-22 -2.423235e-22 1.901877e-22
2.920335e-23 6.394714e-23 4.173968e-23
-1.068043e-23 9.990419e-24 -7.780515e-24
-1.205940e-24 -2.618717e-24 -1.718700e-24
4.376813e-25 -4.118694e-25 3.182910e-25
4.979660e-26 1.072380e-25 7.076891e-26
-1.793582e-26 1.697944e-26 -1.302058e-26
-2.056149e-27 -4.391382e-27 -2.913913e-27
7.349854e-28 -6.999627e-28 5.326305e-28
8.489662e-29 1.798235e-28 1.199782e-28
-3.011827e-29 2.885457e-29 -2.178771e-29
-3.505159e-30 -7.363499e-30 -4.939920e-30
1.234171e-30 -1.189440e-30 8.912241e-31
1.447127e-31 3.015189e-31 2.033898e-31
-5.057249e-32 4.902962e-32 -3.645456e-32
-5.974303e-33 -1.234632e-32 -8.373949e-33
2.072275e-33 -2.020984e-33 1.491098e-33
2.466322e-34 5.055367e-34 3.447651e-34
-8.491301e-35 8.330206e-35 -6.098882e-35
-1.018110e-35 -2.069953e-35 -1.419411e-35
3.479324e-36 -3.433500e-36 2.494501e-36
4.202637e-37 8.475405e-37 5.843663e-37
-1.425638e-37 1.415165e-37 -1.020249e-37
-1.734729e-38 -3.470187e-38 -2.405770e-38
5.841410e-39 -5.832648e-39 4.172710e-39
7.160184e-40 1.420815e-39 9.904101e-40
-2.393424e-40 2.403882e-40 -1.706551e-40
-2.955287e-41 -5.817206e-41 -4.077257e-41
9.806532e-42 -9.907169e-42 6.979261e-42
1.219715e-42 2.381681e-42 1.678469e-42
-4.017954e-43 4.082957e-43 -2.854227e-43
-5.033848e-44 -9.750904e-44 -6.909565e-44
1.646221e-44 -1.682632e-44 1.167230e-44
2.077426e-45 3.992071e-45 2.844332e-45
-6.744735e-46 6.934141e-46 -4.773242e-46
-8.573033e-47 -1.634345e-46 -1.170853e-46
2.763346e-47 -2.857494e-47 1.951907e-47
3.537751e-48 6.690849e-48 4.819661e-48
-1.132138e-48 1.177517e-48 -7.981662e-49
-1.459836e-49 -2.739118e-49 -1.983915e-49
4.638280e-50 -4.852200e-50 3.263744e-50
6.023724e-51 1.121327e-50 8.166237e-51
-1.900239e-51 1.999399e-51 -1.334527e-51
-2.485480e-52 -4.590346e-52 -3.361347e-52
7.784897e-53 -8.238533e-53 5.456662e-53
1.025510e-53 1.879103e-53 1.383558e-53
-3.189268e-54 3.394610e-54 -2.231079e-54
-4.231111e-55 -7.692147e-55 -5.694736e-55
1.306540e-55 -1.398684e-55 9.122020e-56
1.745635e-56 3.148736e-56 2.343919e-56
-5.352391e-57 5.762870e-57 -3.729540e-57
-7.201742e-58 -1.288892e-57 -9.647262e-58
2.192635e-58 -2.374368e-58 1.524781e-58
2.971027e-59 5.275805e-59 3.970619e-59
-8.982109e-60 9.782440e-60 -6.233722e-60
-1.225634e-60 -2.159496e-60 -1.634199e-60
3.679456e-61 -4.030290e-61 2.548445e-61
5.055925e-62 8.839091e-62 6.725809e-62
-1.507239e-62 1.660410e-62 -1.041815e-62
-2.085575e-63 -3.617881e-63 -2.768068e-63
6.174106e-64 -6.840450e-64 4.258864e-64
8.602736e-65 1.480787e-64 1.139205e-64
-2.529061e-65 2.818020e-65 -1.740942e-65
-3.548405e-66 -6.060690e-66 -4.688346e-66
