2.968829045563e-01 7.043933778460e-02 2.831140528087e-01 9.092553402521e-01 0.000000000000e+00 0.000000000000e+00 0.000000000000e+00 
2.820775199155e-01 7.334472222194e-02 2.782151504358e-01 9.152317490934e-01 0.000000000000e+00 0.000000000000e+00 0.000000000000e+00 
2.541591810208e-01 6.682513957529e-02 2.513850608733e-01 9.315272742080e-01 0.000000000000e+00 0.000000000000e+00 0.000000000000e+00 
2.252695711611e-01 5.981983281307e-02 2.232010166549e-01 9.464969699240e-01 0.000000000000e+00 0.000000000000e+00 0.000000000000e+00 
1.959752765735e-01 5.263376718214e-02 1.945238786351e-01 9.596790287200e-01 0.000000000000e+00 0.000000000000e+00 0.000000000000e+00 
1.663577127216e-01 4.527585892629e-02 1.654400980379e-01 9.710328428935e-01 0.000000000000e+00 0.000000000000e+00 0.000000000000e+00 
1.364789897167e-01 3.774190827827e-02 1.360065216138e-01 9.805362103482e-01 0.000000000000e+00 0.000000000000e+00 0.000000000000e+00 
1.064026099181e-01 3.002031993947e-02 1.062797858969e-01 9.881709731130e-01 0.000000000000e+00 0.000000000000e+00 0.000000000000e+00 
7.619587775919e-02 2.208574912411e-02 7.631761955716e-02 9.939225467023e-01 0.000000000000e+00 0.000000000000e+00 0.000000000000e+00 
4.593448136965e-02 1.388116874970e-02 4.617949728778e-02 9.977799309496e-01 0.000000000000e+00 0.000000000000e+00 0.000000000000e+00 
1.306390595780e-02 4.478352182475e-03 1.326447311153e-02 9.998166494292e-01 0.000000000000e+00 0.000000000000e+00 0.000000000000e+00 
1.047354124867e-03 7.590003533287e-04 1.153285164623e-03 9.999984984494e-01 0.000000000000e+00 0.000000000000e+00 0.000000000000e+00 
-2.700333076065e-05 1.775255487767e-04 1.447557799075e-05 9.999999837730e-01 0.000000000000e+00 0.000000000000e+00 0.000000000000e+00 
-2.763863145878e-05 -7.028536631021e-06 -2.750766490020e-05 9.999999992150e-01 0.000000000000e+00 0.000000000000e+00 0.000000000000e+00 
1.777703291860e-06 -7.768567267729e-06 -7.415035355993e-08 9.999999999682e-01 0.000000000000e+00 0.000000000000e+00 0.000000000000e+00 
1.133889222172e-06 2.511872011843e-07 1.120190343650e-06 9.999999999987e-01 0.000000000000e+00 0.000000000000e+00 0.000000000000e+00 
-7.286138300535e-08 3.188604944469e-07 3.141471375503e-09 9.999999999999e-01 0.000000000000e+00 0.000000000000e+00 0.000000000000e+00 
-4.661889594653e-08 -1.008797371756e-08 -4.600198776520e-08 1.000000000000e+00 0.000000000000e+00 0.000000000000e+00 0.000000000000e+00 
2.960256714873e-09 -1.309580868134e-08 -1.592409569890e-10 1.000000000000e+00 0.000000000000e+00 0.000000000000e+00 0.000000000000e+00 
1.915875916162e-09 4.055739008263e-10 1.888503345398e-09 1.000000000000e+00 0.000000000000e+00 0.000000000000e+00 0.000000000000e+00 
-1.202686046932e-10 5.379007741267e-10 7.780852930725e-12 1.000000000000e+00 0.000000000000e+00 0.000000000000e+00 0.000000000000e+00 
-7.873355050849e-11 -1.629671686673e-11 -7.752558807932e-11 1.000000000000e+00 0.000000000000e+00 0.000000000000e+00 0.000000000000e+00 
4.885720936848e-12 -2.209371247203e-11 -3.704303449379e-13 1.000000000000e+00 0.000000000000e+00 0.000000000000e+00 0.000000000000e+00 
3.235542971448e-12 6.545136103537e-13 3.182493987425e-12 1.000000000000e+00 0.000000000000e+00 0.000000000000e+00 0.000000000000e+00 
-1.984503179091e-13 9.074664037504e-13 1.730097086079e-14 1.000000000000e+00 0.000000000000e+00 0.000000000000e+00 0.000000000000e+00 
-1.329626038349e-13 -2.627352629406e-14 -1.306428171219e-13 1.000000000000e+00 0.000000000000e+00 0.000000000000e+00 0.000000000000e+00 
8.059727621937e-15 -3.727243273299e-14 -7.962059572196e-16 1.000000000000e+00 0.000000000000e+00 0.000000000000e+00 0.000000000000e+00 
5.463951806732e-15 1.054117824372e-15 5.362890152925e-15 1.000000000000e+00 0.000000000000e+00 0.000000000000e+00 0.000000000000e+00 
-3.272903224537e-16 1.530876849723e-15 3.621494798065e-17 1.000000000000e+00 0.000000000000e+00 0.000000000000e+00 0.000000000000e+00 
-2.245325081138e-16 -4.226883541308e-17 -2.201444214876e-16 1.000000000000e+00 0.000000000000e+00 0.000000000000e+00 0.000000000000e+00 
1.328889788551e-17 -6.287646364496e-17 -1.631571342049e-18 1.000000000000e+00 0.000000000000e+00 0.000000000000e+00 0.000000000000e+00 
9.226704746504e-18 1.693948424085e-18 9.036742050676e-18 1.000000000000e+00 0.000000000000e+00 0.000000000000e+00 0.000000000000e+00 
-5.394938419682e-19 2.582446304141e-18 7.292656900355e-20 1.000000000000e+00 0.000000000000e+00 0.000000000000e+00 0.000000000000e+00 
-3.791482510939e-19 -6.784478002493e-20 -3.709466925650e-19 1.000000000000e+00 0.000000000000e+00 0.000000000000e+00 0.000000000000e+00 
2.189900729145e-20 -1.060644482012e-19 -3.237922726941e-21 1.000000000000e+00 0.000000000000e+00 0.000000000000e+00 0.000000000000e+00 
1.557996715104e-20 2.715536706521e-21 1.522672610965e-20 1.000000000000e+00 0.000000000000e+00 0.000000000000e+00 0.000000000000e+00 
-8.887946019845e-22 4.356158987110e-21 1.429452780266e-22 1.000000000000e+00 0.000000000000e+00 0.000000000000e+00 0.000000000000e+00 
-6.402050188886e-22 -1.086184193908e-22 -6.250244156705e-22 1.000000000000e+00 0.000000000000e+00 0.000000000000e+00 0.000000000000e+00 
3.606749815479e-23 -1.789093174511e-22 -6.279594535537e-24 1.000000000000e+00 0.000000000000e+00 0.000000000000e+00 0.000000000000e+00 
2.630671843469e-23 4.341544507184e-24 2.565563936753e-23 1.000000000000e+00 0.000000000000e+00 0.000000000000e+00 0.000000000000e+00 
-1.463412610339e-24 7.347803804953e-24 2.746778633720e-25 1.000000000000e+00 0.000000000000e+00 0.000000000000e+00 0.000000000000e+00 
-1.080959325647e-24 -1.734048093790e-25 -1.053086663718e-24 1.000000000000e+00 0.000000000000e+00 0.000000000000e+00 0.000000000000e+00 
5.936797205006e-26 -3.017710011848e-25 -1.196930934026e-26 1.000000000000e+00 0.000000000000e+00 0.000000000000e+00 0.000000000000e+00 
4.441678414276e-26 6.920473459897e-27 4.322557640077e-26 1.000000000000e+00 0.000000000000e+00 0.000000000000e+00 0.000000000000e+00 
-2.408078867701e-27 1.239346711402e-26 5.198203486725e-28 1.000000000000e+00 0.000000000000e+00 0.000000000000e+00 0.000000000000e+00 
-1.825071831440e-27 -2.759614029267e-28 -1.774242105037e-27 1.000000000000e+00 0.000000000000e+00 0.000000000000e+00 0.000000000000e+00 
9.766088067712e-29 -5.089832611169e-28 -2.250774187404e-29 1.000000000000e+00 0.000000000000e+00 0.000000000000e+00 0.000000000000e+00 
7.499078723053e-29 1.099453909967e-29 7.282498029440e-29 1.000000000000e+00 0.000000000000e+00 0.000000000000e+00 0.000000000000e+00 
-3.960046699161e-30 2.090304477387e-29 9.719347106997e-31 1.000000000000e+00 0.000000000000e+00 0.000000000000e+00 0.000000000000e+00 
-3.081278628407e-30 -4.376209608273e-31 -2.989119477439e-30 1.000000000000e+00 0.000000000000e+00 0.000000000000e+00 0.000000000000e+00 
1.605491307423e-31 -8.584420330621e-31 -4.186795339513e-32 1.000000000000e+00 0.000000000000e+00 0.000000000000e+00 0.000000000000e+00 
1.266045014499e-31 1.740145564252e-32 1.226878555415e-31 1.000000000000e+00 0.000000000000e+00 0.000000000000e+00 0.000000000000e+00 
-6.507913317201e-33 3.525394916466e-32 1.799547103477e-33 1.000000000000e+00 0.000000000000e+00 0.000000000000e+00 0.000000000000e+00 
-5.201905374869e-33 -6.912112628028e-34 -5.035646981934e-33 1.000000000000e+00 0.000000000000e+00 0.000000000000e+00 0.000000000000e+00 
2.637544578815e-34 -1.447771264049e-33 -7.719089647271e-35 1.000000000000e+00 0.000000000000e+00 0.000000000000e+00 0.000000000000e+00 
2.137326553260e-34 2.742472269723e-35 2.066828189258e-34 1.000000000000e+00 0.000000000000e+00 0.000000000000e+00 0.000000000000e+00 
-1.068759842072e-35 5.945488076802e-35 3.304944593323e-36 1.000000000000e+00 0.000000000000e+00 0.000000000000e+00 0.000000000000e+00 
-8.781616261678e-36 -1.086788380994e-36 -8.482988367577e-36 1.000000000000e+00 0.000000000000e+00 0.000000000000e+00 0.000000000000e+00 
4.329927817781e-37 -2.441577180457e-36 -1.412610450448e-37 1.000000000000e+00 0.000000000000e+00 0.000000000000e+00 0.000000000000e+00 
3.608055240287e-37 4.301107250993e-38 3.481679258075e-37 1.000000000000e+00 0.000000000000e+00 0.000000000000e+00 0.000000000000e+00 
-1.753877487472e-38 1.002648686804e-37 6.028345289025e-39 1.000000000000e+00 0.000000000000e+00 0.000000000000e+00 0.000000000000e+00 
-1.482405634186e-38 -1.699827706852e-39 -1.428973055871e-38 1.000000000000e+00 0.000000000000e+00 0.000000000000e+00 0.000000000000e+00 
7.102867052543e-40 -4.117394796237e-39 -2.568870471028e-40 1.000000000000e+00 0.000000000000e+00 0.000000000000e+00 0.000000000000e+00 
6.090544203290e-40 6.707652290641e-41 5.864820279800e-40 1.000000000000e+00 0.000000000000e+00 0.000000000000e+00 0.000000000000e+00 
-2.875951954472e-41 1.690797611541e-40 1.093201152510e-41 1.000000000000e+00 0.000000000000e+00 0.000000000000e+00 0.000000000000e+00 
-2.502305400632e-41 -2.642547802062e-42 -2.407025893978e-41 1.000000000000e+00 0.000000000000e+00 0.000000000000e+00 0.000000000000e+00 
1.164234993436e-42 -6.943143396643e-42 -4.646355230588e-43 1.000000000000e+00 0.000000000000e+00 0.000000000000e+00 0.000000000000e+00 
1.028062943731e-42 1.039203199847e-43 9.878754650843e-43 1.000000000000e+00 0.000000000000e+00 0.000000000000e+00 0.000000000000e+00 
-4.712031884956e-44 2.851123574652e-43 1.972494319078e-44 1.000000000000e+00 0.000000000000e+00 0.000000000000e+00 0.000000000000e+00 
-4.223711860413e-44 -4.078812654774e-45 -4.054329269629e-44 1.000000000000e+00 0.000000000000e+00 0.000000000000e+00 0.000000000000e+00 
1.906697064460e-45 -1.170769356288e-44 -8.364560626614e-46 1.000000000000e+00 0.000000000000e+00 0.000000000000e+00 0.000000000000e+00 
1.735257993395e-45 1.597508541933e-46 1.663915285071e-45 1.000000000000e+00 0.000000000000e+00 0.000000000000e+00 0.000000000000e+00 
-7.713621393027e-47 4.807530561163e-46 3.543434492359e-47 1.000000000000e+00 0.000000000000e+00 0.000000000000e+00 0.000000000000e+00 
-7.129006714085e-47 -6.242196641264e-48 -6.828711736250e-47 1.000000000000e+00 0.000000000000e+00 0.000000000000e+00 0.000000000000e+00 
3.119860637031e-48 -1.974095525557e-47 -1.499639015725e-48 1.000000000000e+00 0.000000000000e+00 0.000000000000e+00 0.000000000000e+00 
2.928796522957e-48 2.432825349734e-49 2.802474823874e-48 1.000000000000e+00 0.000000000000e+00 0.000000000000e+00 0.000000000000e+00 
-1.261564050680e-49 8.106057497655e-49 6.340957357752e-50 1.000000000000e+00 0.000000000000e+00 0.000000000000e+00 0.000000000000e+00 
-1.203218747261e-49 -9.454545197817e-51 -1.150111715363e-49 1.000000000000e+00 0.000000000000e+00 0.000000000000e+00 0.000000000000e+00 
5.100085847328e-51 -3.328484990609e-50 -2.678867976457e-51 1.000000000000e+00 0.000000000000e+00 0.000000000000e+00 0.000000000000e+00 
4.943052231387e-51 3.662537710685e-52 4.719909801557e-51 1.000000000000e+00 0.000000000000e+00 0.000000000000e+00 0.000000000000e+00 
-2.061277324442e-52 1.366718064532e-51 1.130828813583e-52 1.000000000000e+00 0.000000000000e+00 0.000000000000e+00 0.000000000000e+00 
-2.030677866750e-52 -1.413722218009e-53 -1.936969276442e-52 1.000000000000e+00 0.000000000000e+00 0.000000000000e+00 0.000000000000e+00 
8.328804132134e-54 -5.611858048454e-53 -4.769913563768e-54 1.000000000000e+00 0.000000000000e+00 0.000000000000e+00 0.000000000000e+00 
8.342228929205e-54 5.434774432534e-55 7.948901628347e-54 1.000000000000e+00 0.000000000000e+00 0.000000000000e+00 0.000000000000e+00 
-3.364437858857e-55 2.304251248038e-54 2.010526220168e-55 1.000000000000e+00 0.000000000000e+00 0.000000000000e+00 0.000000000000e+00 
-3.427033982861e-55 -2.079629738588e-56 -3.262021854773e-55 1.000000000000e+00 0.000000000000e+00 0.000000000000e+00 0.000000000000e+00 
1.358695652616e-56 -9.461247405772e-56 -8.468582209047e-57 1.000000000000e+00 0.000000000000e+00 0.000000000000e+00 0.000000000000e+00 
1.407829182390e-56 7.915396186199e-58 1.338634335499e-56 1.000000000000e+00 0.000000000000e+00 0.000000000000e+00 0.000000000000e+00 
-5.485391772811e-58 3.884743795296e-57 3.564743912204e-58 1.000000000000e+00 0.000000000000e+00 0.000000000000e+00 0.000000000000e+00 
-5.783313921671e-58 -2.994066651907e-59 -5.493288400601e-58 1.000000000000e+00 0.000000000000e+00 0.000000000000e+00 0.000000000000e+00 
2.213934034384e-59 -1.595040740376e-58 -1.499603530925e-59 1.000000000000e+00 0.000000000000e+00 0.000000000000e+00 0.000000000000e+00 
2.375739547089e-59 1.124269805588e-60 2.254229777884e-59 1.000000000000e+00 0.000000000000e+00 0.000000000000e+00 0.000000000000e+00 
-8.932824691673e-61 6.549024210019e-60 6.304750396599e-61 1.000000000000e+00 0.000000000000e+00 0.000000000000e+00 0.000000000000e+00 
-9.759243415394e-61 -4.184812792667e-62 -9.250374225469e-61 1.000000000000e+00 0.000000000000e+00 0.000000000000e+00 0.000000000000e+00 
3.603092095459e-62 -2.688913488564e-61 -2.649199108470e-62 1.000000000000e+00 0.000000000000e+00 0.000000000000e+00 0.000000000000e+00 
4.008932482775e-62 1.541168653397e-63 3.795908685928e-62 1.000000000000e+00 0.000000000000e+00 0.000000000000e+00 0.000000000000e+00 
-1.452845342974e-63 1.104008666543e-62 1.112570852714e-63 1.000000000000e+00 0.000000000000e+00 0.000000000000e+00 0.000000000000e+00 
-1.646783882881e-63 -5.600947054493e-65 -1.557641609597e-63 1.000000000000e+00 0.000000000000e+00 0.000000000000e+00 0.000000000000e+00 
5.856196727061e-65 -4.532768671229e-64 -4.670006681981e-65 1.000000000000e+00 0.000000000000e+00 0.000000000000e+00 0.000000000000e+00 
6.764563116796e-65 2.001267674233e-66 6.391674479643e-65 1.000000000000e+00 0.000000000000e+00 0.000000000000e+00 0.000000000000e+00 
-2.359710154301e-66 1.861015751805e-65 1.959267627681e-66 1.000000000000e+00 0.000000000000e+00 0.000000000000e+00 0.000000000000e+00 
